1 Episode 271 1001042 -20.2878 3693.88 8.05826
1 Eval 159 500751 -20.717 3149.38 5.29814
2 Episode 285 1002247 -20.4702 3516.66 9.39963
2 Eval 164 501184 -21 3056 5.271
3 Episode 281 1002766 -20.6512 3568.56 10.2502
3 Eval 97 503839 -19.5979 5194.22 8.91636
4 Episode 195 1002805 -19.9179 5142.59 14.9712
4 Eval 80 505495 -20.275 6318.69 10.8918
5 Episode 170 1002637 -19.6059 5897.86 17.2675
5 Eval 77 502543 -20.2208 6526.53 11.3066
6 Episode 137 1005609 -19.1898 7340.21 21.3791
6 Eval 68 507324 -20.0588 7460.65 12.9159
7 Episode 152 1004894 -19.2303 6611.14 19.4382
7 Eval 100 500650 -20.28 5006.5 8.52838
8 Episode 135 1003106 -17.8741 7430.41 21.6364
8 Eval 57 508832 -18.0526 8926.88 15.2826
9 Episode 111 1001483 -17.2162 9022.37 26.5686
9 Eval 80 503892 -19 6298.65 10.7199
10 Episode 112 1004633 -16.6875 8969.94 26.001
10 Eval 50 502882 -13.2 10057.6 17.4737
11 Episode 105 1010277 -17.1619 9621.69 28.054
11 Eval 36 510066 -17.25 14168.5 23.93
12 Episode 89 1010878 -16.4045 11358.2 33.1132
12 Eval 40 503576 -16.125 12589.4 21.4964
13 Episode 84 1001070 -13.8929 11917.5 34.6833
13 Eval 36 512670 -12.8056 14240.8 24.3437
14 Episode 81 1001371 -13.9753 12362.6 35.615
14 Eval 45 505233 -16.6444 11227.4 18.9968
15 Episode 80 1016701 -14.2375 12708.8 36.3045
15 Eval 43 509341 -13.2326 11845.1 19.9043
16 Episode 74 1007230 -14.0946 13611.2 37.2229
16 Eval 29 508641 -12 17539.3 30.6041
17 Episode 68 1010527 -12.6618 14860.7 38.3779
17 Eval 21 514721 -9.42857 24510.5 41.5601
18 Episode 63 1003398 -11.7937 15927 41.0535
18 Eval 30 504885 -9.03333 16829.5 28.3048
19 Episode 60 1001683 -10.9167 16694.7 43.6531
19 Eval 28 517206 -10.1786 18471.6 31.3167
20 Episode 61 1015635 -8.45902 16649.8 42.5542
20 Eval 24 517049 -1.41667 21543.7 36.449
21 Episode 56 1005564 -2.07143 17956.5 45.7884
21 Eval 30 512947 7.63333 17098.2 28.9587
22 Episode 56 1006130 1.32143 17966.6 46.8131
22 Eval 32 512456 7.875 16014.2 26.7698
23 Episode 58 1005369 4.27586 17333.9 44.4156
23 Eval 30 518349 7.33333 17278.3 29.1791
24 Episode 57 1015379 6 17813.7 45.7202
24 Eval 32 513806 9.28125 16056.4 27.0841
25 Episode 60 1008372 4.91667 16806.2 45.8236
25 Eval 36 504034 11 14000.9 23.2833
26 Episode 67 1003408 8.46269 14976.2 42.4388
26 Eval 33 506032 11.0909 15334.3 25.4494
27 Episode 75 1009433 10.4 13459.1 37.9728
27 Eval 41 501315 13 12227.2 20.7674
28 Episode 85 1002247 10.7647 11791.1 33.2464
28 Eval 61 507124 17.2459 8313.51 13.8229
29 Episode 100 1006732 13.64 10067.3 28.7466
29 Eval 57 505232 16.4035 8863.72 14.6406
30 Episode 98 1004780 13.2857 10252.9 29.0963
30 Eval 43 501443 12.0465 11661.5 19.4911
31 Episode 102 1002763 13.9804 9831.01 28.014
31 Eval 65 503580 18.6769 7747.38 13.0212
32 Episode 109 1006624 15.3119 9235.08 26.2848
32 Eval 66 501137 19.2121 7592.98 12.5345
33 Episode 109 1002841 15.1743 9200.38 26.0017
33 Eval 55 501149 16.3091 9111.8 15.2345
34 Episode 113 1004409 15.6106 8888.58 25.1513
34 Eval 68 500923 19.1471 7366.51 12.2169
35 Episode 119 1002330 16.3613 8422.94 23.7853
35 Eval 68 500013 19.4559 7353.13 12.1323
36 Episode 122 1002633 17.2295 8218.3 23.1502
36 Eval 69 504064 19.5072 7305.28 12.3531
37 Episode 121 1007112 17.3058 8323.24 23.4097
37 Eval 66 503033 18.697 7621.71 12.572
38 Episode 123 1002261 17.5366 8148.46 22.9318
38 Eval 65 502632 18.9077 7732.8 12.6398
39 Episode 123 1006701 17.4878 8184.56 23.034
39 Eval 68 505600 19.1471 7435.29 12.4935
40 Episode 121 1004930 17.0248 8305.21 23.2491
40 Eval 70 506178 19.6143 7231.11 12.5373
41 Episode 122 1004543 17.1803 8233.96 23.079
41 Eval 65 502528 18.6923 7731.2 12.9828
42 Episode 121 1004415 17.0331 8300.95 23.2926
42 Eval 68 504859 19.2647 7424.4 12.3586
43 Episode 120 1000585 16.9667 8338.21 23.4701
43 Eval 68 507079 19.3824 7457.04 12.583
44 Episode 122 1001263 17.3115 8207.07 22.8078
44 Eval 69 504307 19.5217 7308.8 12.6679
45 Episode 122 1000094 17.2869 8197.49 22.8629
45 Eval 69 506791 19.6667 7344.8 12.4925
46 Episode 123 1007406 17.6585 8190.29 22.712
46 Eval 68 502812 19.7206 7394.29 12.3093
47 Episode 122 1000754 17.5902 8202.9 22.9038
47 Eval 69 503392 19.7971 7295.54 12.1199
48 Episode 123 1007337 17.3984 8189.73 22.93
48 Eval 67 504708 18.9701 7532.96 12.7082
49 Episode 121 1004185 17.1736 8299.05 23.0954
49 Eval 68 502955 19.5588 7396.4 12.4982
50 Episode 123 1005061 17.3659 8171.23 22.6575
50 Eval 67 500585 19.2687 7471.42 12.2495
51 Episode 122 1004377 17.5 8232.6 23.0178
51 Eval 69 500731 20.087 7256.97 12.0543
52 Episode 124 1001353 18.0161 8075.43 22.4025
52 Eval 70 503916 20.1 7198.8 11.9639
53 Episode 125 1006040 17.848 8048.32 22.2493
53 Eval 69 505079 19.5942 7319.99 12.3628
54 Episode 123 1006806 17.6992 8185.41 22.5698
54 Eval 69 503295 19.7826 7294.13 11.9637
55 Episode 122 1006036 17.8525 8246.2 22.7867
55 Eval 68 502398 19.2941 7388.21 12.2136
56 Episode 124 1005539 17.5968 8109.19 22.4742
56 Eval 67 502690 19.0149 7502.84 12.403
57 Episode 123 1001999 17.6585 8146.33 22.4296
57 Eval 70 500441 19.7143 7149.16 11.9144
58 Episode 125 1006523 17.712 8052.18 22.052
58 Eval 69 503887 19.4638 7302.71 11.9757
59 Episode 125 1004922 17.592 8039.38 22.0744
59 Eval 71 500639 19.9296 7051.25 11.5077
60 Episode 127 1006803 17.9685 7927.58 21.8268
60 Eval 71 504699 19.9859 7108.44 11.7634
61 Episode 129 1008245 18.093 7815.85 21.4212
61 Eval 71 504678 20.1831 7108.14 11.5533
62 Episode 127 1001941 18.126 7889.3 21.5331
62 Eval 69 500766 19.3913 7257.48 12.0916
63 Episode 129 1004520 18.4109 7786.98 21.1734
63 Eval 70 502636 19.8714 7180.51 11.6414
64 Episode 125 1004547 17.664 8036.38 22.0618
64 Eval 72 505054 20.0972 7014.64 11.5355
65 Episode 127 1001475 18.0079 7885.63 21.627
65 Eval 72 506146 19.9028 7029.81 11.5112
66 Episode 128 1000899 18.2578 7819.52 21.3465
66 Eval 71 505528 19.6761 7120.11 11.7132
67 Episode 128 1002063 18.2031 7828.62 21.2798
67 Eval 71 504582 19.7324 7106.79 11.9366
68 Episode 129 1003321 18.1008 7777.68 21.1176
68 Eval 69 501264 19.3333 7264.7 11.776
69 Episode 131 1002294 18.542 7651.1 20.8872
69 Eval 72 500240 20.3194 6947.78 11.3741
70 Episode 131 1008938 18.1832 7701.82 20.9447
70 Eval 71 506468 19.9014 7133.35 11.5798
71 Episode 131 1004734 18.3282 7669.73 20.9519
71 Eval 70 503898 19.5429 7198.54 11.6992
72 Episode 130 1000868 18.1 7698.98 20.7976
72 Eval 71 504651 19.493 7107.76 11.8049
73 Episode 130 1005558 18.2231 7735.06 20.7753
73 Eval 71 504180 19.6761 7101.13 11.5849
74 Episode 130 1003169 18.1462 7716.68 20.9125
74 Eval 67 502145 19.0746 7494.7 12.3021
75 Episode 129 1003827 18.155 7781.6 19.8887
75 Eval 71 500456 19.9155 7048.68 11.4612
76 Episode 130 1004546 18.2385 7727.28 19.9283
76 Eval 72 506699 19.8194 7037.49 11.2374
77 Episode 130 1000985 18.4154 7699.88 20.5472
77 Eval 70 502653 19.8 7180.76 11.7463
78 Episode 132 1002461 18.7955 7594.4 20.3709
78 Eval 73 502669 20.3562 6885.88 11.1935
79 Episode 132 1006905 18.5379 7628.07 20.5723
79 Eval 69 500340 19.5072 7251.3 11.607
80 Episode 131 1004673 18.3435 7669.26 20.7344
80 Eval 70 505974 19.6714 7228.2 11.6722
81 Episode 130 1001421 18.3 7703.24 20.6822
81 Eval 71 500484 19.8873 7049.07 11.3329
82 Episode 131 1003918 18.6183 7663.5 20.5528
82 Eval 70 503966 19.7571 7199.51 11.7828
83 Episode 132 1007511 18.5227 7632.66 20.266
83 Eval 72 503916 20.1667 6998.83 11.1245
84 Episode 129 999862 18.3333 7750.87 20.8197
84 Eval 71 500226 19.9155 7045.44 11.4116
85 Episode 129 1003077 18.3798 7775.79 20.7913
85 Eval 70 504016 19.8857 7200.23 11.6055
86 Episode 130 1005440 18.3538 7734.15 20.6738
86 Eval 70 504178 19.7286 7202.54 11.5639
87 Episode 130 1004446 18.3846 7726.51 20.3589
87 Eval 71 506654 19.8451 7135.97 11.6523
88 Episode 127 1000373 18.1811 7876.95 20.781
88 Eval 71 503897 19.8592 7097.14 11.3307
89 Episode 128 1001299 18.3984 7822.65 20.6861
89 Eval 72 502142 20.1806 6974.19 11.3495
90 Episode 131 1004404 18.4504 7667.21 20.1487
90 Eval 71 500216 20.0986 7045.3 11.2619
91 Episode 129 1002347 18.3721 7770.13 20.504
91 Eval 71 504645 19.9577 7107.68 11.3326
92 Episode 130 1005790 18.5077 7736.85 20.3546
92 Eval 72 504790 20.125 7010.97 11.2781
93 Episode 132 1007631 18.697 7633.57 20.093
93 Eval 71 505782 19.8732 7123.69 11.3995
94 Episode 130 1006248 18.2077 7740.37 19.3519
94 Eval 71 505116 19.9014 7114.31 11.2498
95 Episode 87 655131 18.7816 7530.24 18.5303
